16 88 66 62 31 62 74 31 58 82 44 46 3 48 94 42 34 90 33 22 13 36 29 26 30 86 31 30 28 31 92 30 43 81 40 51 69 92 50 15 47 90 92 72 96 45 65 13 89 58 79 87 25 65 49 20 74 34 46 10 58 88 26 13 51 75 68 2 36 46 30 87 31 45 76 55 49 99 70 60 8 85 88 55 65 89 71 12 4 40 72 54 45 67 19 30 39 87 8 77 69 24 17 44 66 84 27 28 92 54 41 79 23 79 57 89 55 31 92 33 49 15 98 18 23 99 80 85 75 49 51 10 62 32 63 19 15 75 95 65 31 69 22 33 4 62 96 85 16 77 25 36 69 36 49 52 78 43 57 53 53 66 84 18 66 26 46 25 74 45 97 42 0 51 65 88 68 65 36 29 95 12 37 48 39 28 78 88 43 23 47 66 55 92 55 1 29 57 63 43
16 77 25 36 69 36
88 88 74 24 44 91 84 15 39 42 83 8 74 47 35 22 77 26 1 2 32 2 65 40 78 13 79 92 55 20 82 2 92 5 95 3 92 22 71 12 51 81 81 73 10 63 78 95 69 34 49 23 59 16 10 34 80 33 3 10 22 78 43 46 98 44 66 52 15 6 41 19 63 22 13 50 89 74 82 57 42 21 12 59 4 70 80 12 75 93 87 37 65 28 50 83 66 40 85 36 97 97 21 73 25 21 52 0 50 59 89 77 0 22 0 80 28 37 93 21 58 39 14 82 4 82 81 62 18 31 14 20 62 89 71 92 51 16 83 87 99 13 19 11 76 4 30 42 80 16 90 84 17 41 57 99 78 86 45 97 22 58 16 17 13 0 99 45 29 2 66 29 0 51 9 49 82 6 48 17 21 1 51 97 0 2 64 61 83 41 61 31 80 57 49 88 8 79 19 44
13 50 89 74 82 57 42 21 12
33 25 63 98 51 33 30 44 24 46 3 67 76 77 30 26 52 15 16 7 3 98 86 44 34 21 69 94 79 93 5 71 18 70 53 7 4 67 67 67 51 34 94 98 35 81 7 97 57 77 95 74 97 87 53 34 37 88 58 6 1 13 35 27 83 21 40 40 37 76 70 55 19 14 63 32 52 58 68 97 88 14 76 84 14 46 2 48 8 23 14 23 90 89 84 33 59 82 90 35 52 54 9 34 87 19 78 26 67 25 96 9 5 86 21 47 92 20 36 0 4 80 7 75 53 40 7 11 21 54 4 40 85 33 93 75 30 11 35 38 87 88 51 67 37 87 75 57 48 82 73 56 54 27 41 54 60 82 94 85 32 38 1 81 76 27 67 89 85 16 17 74 99 76 94 18 30 18 19 81 34 61 17 61 93 43 85 6 55 37 16 20 27 76 97 48 86 65 46 3
14 63 32
69 90 33 7 79 46 43 0 34 17 36 94 61 96 41 68 70 82 96 13 58 60 48 32 96 19 5 11 9 92 84 12 30 85 11 81 98 52 4 98 72 98 93 50 43 97 72 20 22 44 96 39 52 23 5 78 97 72 69 47 51 66 41 19 31 77 46 62 53 14 8 48 73 81 4 37 79 49 91 66 62 92 48 55 85 89 84 49 79 3 28 92 94 12 94 53 84 16 44 19 94 65 52 1 83 7 64 36 83 5 84 58 64 88 59 42 37 65 3 35 40 72 57 29 35 0 81 48 65 55 72 98 22 52 59 53 46 72 67 64 6 78 13 43 93 58 55 86 72 3 15 67 7 23 54 1 57 59 22 35 18 51 52 98 83 87 15 83 19 79 8 67 47 46 69 14 21 20 53 71 49 10 22 54 74 56 94 11 30 24 28 8 58 3 13 28 60 92 72 39
51 66 41 19 31 77 46 62
62 22 31 41 81 20 28 35 3 52 99 73 72 83 99 37 1 88 53 40 89 12 18 86 95 4 6 17 60 85 61 87 62 29 24 70 81 56 34 49 72 84 51 81 81 68 31 78 37 10 42 27 4 46 51 1 65 56 17 51 38 63 79 64 86 57 24 68 77 2 21 74 21 56 26 41 79 56 87 47 24 53 5 74 54 55 92 14 64 79 20 52 34 6 31 28 89 34 56 3 38 8 70 61 73 28 46 6 60 84 11 81 65 66 91 30 84 68 84 84 62 24 13 49 25 35 28 12 69 99 22 66 89 75 82 69 15 22 81 3 15 48 35 83 60 41 21 14 21 89 69 92 29 96 12 14 47 87 58 3 23 30 63 59 9 72 77 53 71 62 85 29 68 30 76 15 84 72 40 30 6 16 34 79 73 22 34 30 54 75 2 98 60 91 67 80 95 99 30 74
29 24 70
98 75 99 79 28 3 34 77 96 80 1 98 35 58 60 72 42 49 87 92 9 29 12 15 63 44 60 51 63 47 1 69 75 9 57 79 62 11 27 84 63 36 9 54 73 41 65 78 84 37 14 37 25 19 69 97 75 7 71 2 32 41 21 9 77 5 12 34 59 54 53 56 74 0 53 13 3 62 34 20 96 30 49 87 97 24 49 27 5 10 5 4 50 97 43 0 92 11 67 29 87 8 39 43 40 49 29 28 78 69 87 39 2 74 22 52 11 90 61 79 68 60 99 41 57 6 15 69 13 33 43 48 16 25 36 83 20 42 22 19 47 17 2 55 22 77 49 75 28 20 81 42 52 53 11 9 93 14 93 55 2 55 79 76 62 63 20 47 11 1 4 36 85 44 78 90 59 11 68 88 21 97 87 20 50 85 82 80 22 38 59 79 95 20 87 23 64 21 12 72
75 28 20 81 42 52 53
46 6 23 24 45 0 45 54 79 42 0 28 67 63 19 43 27 48 90 50 27 59 31 40 95 84 29 59 28 5 86 28 55 17 72 38 49 49 48 16 9 22 95 3 52 48 58 14 56 47 32 67 30 65 20 83 91 55 92 97 70 53 45 78 32 49 18 20 21 25 98 70 73 98 27 96 23 78 72 7 84 4 31 36 27 71 55 90 67 3 31 10 50 89 86 7 84 52 86 16 30 44 75 87 71 5 1 34 67 82 17 87 68 1 90 39 21 7 2 83 60 9 79 1 56 68 90 89 77 81 18 97 77 11 96 48 94 12 2 23 98 0 17 71 48 53 8 61 70 47 71 98 99 41 49 58 26 42 65 70 40 55 11 12 2 37 14 11 58 37 24 89 51 62 11 76 31 45 41 44 87 32 10 70 40 64 56 88 82 64 40 56 14 2 93 36 44 13 13 43
42 0 28 67 63 19 43
12 46 36 68 21 40 23 29 65 59 44 39 59 40 58 5 69 93 96 50 87 57 41 20 61 89 99 13 98 43 2 99 85 84 85 44 95 40 37 85 82 5 53 94 90 62 89 21 70 10 35 10 73 39 33 61 25 84 98 35 6 51 54 14 20 71 47 96 80 27 24 7 29 89 5 83 26 84 36 67 51 68 23 82 87 73 23 94 76 17 36 91 98 44 95 21 13 28 35 85 13 24 91 84 56 2 68 58 55 30 48 2 30 25 34 77 25 42 75 20 88 50 92 60 93 98 94 99 38 20 83 89 60 74 77 81 41 37 70 19 63 53 31 84 37 13 31 96 66 19 73 73 24 14 88 30 56 48 24 47 21 94 37 61 54 66 49 44 72 55 98 67 12 14 32 32 55 77 92 21 65 64 44 20 49 23 94 27 85 48 40 93 85 31 0 22 76 92 17 72
30 83 51 66 46 0 67 41 53 8
44 6 47 63 33 72 84 69 31 20 19 67 98 15 89 44 77 48 89 7 86 91 9 95 18 24 16 89 40 66 64 85 75 93 61 34 85 17 51 74 6 28 38 40 88 17 89 41 93 55 53 35 59 59 5 97 95 72 33 94 22 17 77 12 76 72 34 16 32 2 10 42 21 26 34 89 40 55 33 26 17 12 65 52 91 10 31 34 5 15 0 96 93 24 11 26 21 19 84 58 81 54 24 66 28 77 76 46 42 69 48 84 61 32 98 51 92 61 89 91 19 3 63 24 50 70 53 9 76 42 29 43 22 78 96 79 79 87 40 97 95 23 87 65 0 16 59 19 4 96 36 71 66 81 32 15 82 19 91 10 57 79 33 34 48 96 41 69 81 32 89 68 68 79 30 98 23 30 78 74 71 40 0 74 16 35 1 92 59 94 36 80 83 2 71 84 50 41 91 89
88 17 89 41 93
49 65 28 42 1 63 58 4 60 8 61 86 32 37 27 53 22 59 81 14 32 50 26 93 10 32 85 97 66 54 45 15 29 32 52 73 20 11 93 22 50 9 26 57 48 75 69 55 84 67 50 92 94 89 6 68 18 43 21 48 39 66 69 54 92 39 40 69 75 55 56 46 26 9 24 55 45 47 99 67 90 6 38 57 94 15 33 52 45 56 60 64 41 37 1 78 40 68 88 50 6 8 27 98 75 25 35 95 82 72 57 83 72 4 48 75 98 86 48 38 90 87 79 24 5 84 81 82 82 8 59 46 39 75 49 27 8 1 98 92 10 69 52 29 2 79 11 46 59 29 69 73 94 11 25 67 87 75 47 96 20 11 94 25 99 52 73 14 0 16 12 61 34 42 80 46 47 94 8 68 32 17 44 30 3 69 55 85 0 18 17 0 60 16 96 31 44 70 30 72
9 24 55 45
