46 28 40 55 46 32 60 41 39 79 28 52 50 40 35 19 1 26 31 48 41 25 45 88 92 5 80 69 82 5 88 28 18 4 52 99 32 47 13 64 12 23 72 90 66 65 41 51 67 92
82 53 28 26 1 30
79 10 98 54 15 85 75 39 20 95 58 61 69 44 47 89 58 74 9 34 75 6 73 78 16 72 87 77 1 13 14 28 49 94 4 72 63 76 74 89 98 36 79 50 57 83 2 80 13 97
6 73
44 44 81 59 2 14 65 31 78 37 39 21 7 92 27 44 24 89 93 98 39 27 37 9 76 41 36 31 29 21 48 40 10 63 25 20 41 24 28 69 50 98 31 16 51 92 30 50 19 17
2 14 65
61 94 1 51 73 5 94 13 37 66 41 32 0 61 45 61 42 41 25 73 4 40 9 57 11 13 92 41 36 76 19 75 80 30 95 58 90 51 12 48 15 17 76 74 25 2 11 42 87 8
41
36 80 60 96 73 36 41 29 47 18 25 39 89 39 33 94 53 43 5 19 31 71 74 60 26 88 17 27 70 29 50 45 76 64 3 96 4 87 79 14 22 76 97 23 37 20 77 33 81 26
41 29
16 20 38 45 70 53 98 49 95 15 10 11 59 72 41 11 53 32 26 65 73 29 55 94 79 86 40 34 70 20 60 65 1 58 42 13 22 83 67 61 28 24 33 13 68 73 68 82 39 56
24
67 92 83 43 39 68 91 51 81 57 57 53 57 71 99 96 75 87 36 3 48 48 49 40 47 5 72 1 36 71 55 60 5 22 32 56 46 65 19 94 26 52 75 72 20 29 83 49 26 41
4 42 88 13 14 58
34 29 74 68 64 72 80 76 24 81 17 69 17 91 33 59 86 86 68 78 41 73 76 64 32 30 49 10 97 34 67 5 92 97 15 3 65 56 57 68 47 54 79 4 66 46 77 31 31 50
54 79 4 66
41 56 7 61 64 38 15 3 7 8 90 10 62 73 26 53 12 83 58 31 61 10 71 72 89 56 59 28 36 69 56 95 18 63 89 19 17 7 73 37 8 63 55 35 98 14 47 24 67 82
71 72 89
27 71 31 63 6 3 10 7 41 11 2 8 26 20 46 26 99 88 36 34 86 81 90 45 43 6 14 49 91 21 29 31 71 35 83 22 4 18 40 21 62 74 37 62 24 93 98 77 20 85
40 21 62
